188,3
188,2
188,1
188,0
187,3
187,2
187,1
187,0
186,5
186,4
186,3
186,2
186,1
186,0
184,6
184,5
184,4
184,3
184,2
184,1
184,0
181,4
181,3
181,2
181,1
181,0
180,4
180,2
180,0
179,4
179,3
179,2
179,1
179,0
177,5
177,4
177,3
177,2
177,1
177,0
175,5
175,4
175,3
175,2
175,1
175,0
174,4
174,3
174,2
174,1
174,0
173,3
173,2
173,1
173,0
172,3
172,2
172,1
172,0
171,3
171,2
171,1
171,0
170,4
170,3
170,2
170,1
170,0
169,4
169,3
169,2
169,1
169,0
39,2
12,3
12,2
12,1
11,3
11,2
11,1
10,3
20,2
10,2
20,1
20,3
10,1
9,3
19,2
9,2
19,1
19,3
9,1
8,3
18,1
8,2
18,3
8,1
3,3
13,1
180,1
13,3
3,2
180,3
3,1
2,2
2,1
0,483
0,273
14,1
2,3
0,270
14,3
